# you can add description after the port use '#'
#
0
8
11
18
20    # ftp data
21    # ftp control
22    # ssh
23    # telnet
25
53
66
67
68
69
77
79
80
81
82
83
84
85
86
87
88
89
90
91
92
93
94
95
96
97
98
99
100
109
110
111
137
139
143
161
200
210
222
300
333
378
389
400
443
444
445
500
512
513
514
515
546
555
600
606
608
666
700
741
777
800
801
802
803
808
873
888
900
993
995
999
1000
1001
1010
1025
1080
1099
1010
1111
1122
1158
1234
1352
1433
1434
1521
1532
1775
1900
2000
2001
2002
2003
2004
2005
2006
2007
2008
2009
2010
2011
2012
2013
2014
2015
2016
2017
2018
2019
2020
2021
2049
2082
2083
2100
2112
2121
2181
2222
2233
2301
2323
2375
2381
2601
2604
2650
3000
3128
3303
3305
3306
3307
3311
3312
3333
3344
3389
3690
3700
4000
4100
4200
4440
4444
4455
4848
4555
5000
5353
5432
5554
5555
5566
5632
5900
5901
5984
6000
6082
6379
6666
6677
7000
7001
7002
7003
7007
7070
7758
7777
7778
7779
7780
7788
8000
8001
8002
8003
8004
8005
8006
8007
8008
8009
8010
8012
8020
8040
8060
8069
8080
8081
8082
8083
8084
8085
8086
8087
8088
8089
8090
8091
8092
8093
8094
8095
8096
8097
8098
8099
8100
8101
8111
8118
8140
8161
8181
8200
8300
8400
8443
8649
8800
8888
8889
8890
8895
8899
8990
8991
8999
9000
9001
9009
9080
9081
9082
9083
9089
9090
9091
9100
9200
9300
9400
9500
9600
9700
9800
9880
9890
9900
9988
9998
9999
10000
10001
10051
11111
11211
12345
14147
20000
21211
21212
22222
23232
27017
27018
28017
30000
33060
33333
33890
40000
40001
43958
43210
44444
50000
50001
50030
50070
54321
55555
59999
60000
60001
65000
65534
65535
